acc: 0.05493133583021224
f1: 0.10414201183431954
precision: 0.05493133583021224
recall: 1.0
