acc: 0.16354556803995007
f1: 0.2811158798283262
precision: 0.16354556803995007
recall: 1.0
