acc: 0.9525593008739076
f1: 0.8492063492063492
precision: 0.8842975206611571
recall: 0.816793893129771
