acc: 0.09612983770287141
f1: 0.17539863325740318
precision: 0.09612983770287141
recall: 1.0
